0 0.00
3 22.22
6 33.33
9 55.56
12 66.67
15 66.67
18 66.67
21 55.56
24 55.56
27 66.67
30 66.67
33 55.56
36 55.56
39 66.67
42 66.67
45 55.56
48 66.67
51 66.67
54 66.67
57 66.67
60 66.67
63 66.67
66 66.67
69 66.67
72 66.67
75 66.67
78 66.67
81 66.67
84 66.67
87 66.67
90 66.67
93 66.67
96 66.67
99 66.67
102 66.67
105 66.67
108 77.78
111 77.78
114 77.78
117 77.78
120 77.78
123 77.78
126 77.78
129 77.78
132 77.78
135 77.78
138 77.78
141 77.78
144 77.78
147 77.78
150 77.78
153 77.78
156 77.78
159 77.78
162 77.78
165 77.78
168 77.78
171 77.78
174 77.78
177 77.78
180 77.78
183 77.78
186 77.78
189 88.89
192 88.89
195 88.89
198 77.78
201 88.89
204 88.89
207 88.89
210 77.78
213 77.78
216 88.89
219 88.89
222 88.89
225 88.89
228 88.89
231 88.89
234 88.89
237 88.89
240 77.78
243 88.89
246 88.89
249 77.78
252 77.78
255 88.89
258 77.78
261 33.33
264 77.78
267 44.44
270 11.11
273 55.56
276 33.33
279 44.44
282 44.44
285 33.33
288 33.33
291 33.33
294 11.11
297 0.00
300 0.00
303 0.00
306 0.00
309 0.00
312 0.00
315 0.00
318 0.00
321 0.00
324 0.00
327 0.00
330 0.00
333 0.00
336 0.00
339 0.00
342 0.00
345 0.00
348 0.00
351 0.00
354 0.00
357 0.00
360 0.00
363 0.00
366 0.00
369 0.00
372 0.00
375 0.00
378 0.00
381 0.00
384 0.00
387 0.00
390 0.00
393 0.00
396 0.00
399 0.00
402 0.00
405 0.00
408 0.00
411 0.00
414 0.00
417 0.00
420 0.00
423 0.00
426 0.00
429 0.00
432 0.00
435 0.00
438 0.00
441 11.11
444 22.22
447 33.33
450 55.56
453 44.44
456 55.56
459 66.67
462 66.67
465 66.67
468 88.89
471 88.89
474 88.89
477 88.89
480 88.89
483 88.89
486 88.89
489 88.89
492 88.89
495 100.00
498 100.00
501 88.89
504 88.89
507 100.00
510 100.00
513 88.89
516 100.00
519 100.00
522 100.00
525 100.00
528 100.00
531 100.00
534 100.00
537 100.00
540 100.00
543 100.00
546 100.00
549 100.00
552 100.00
555 100.00
558 100.00
561 100.00
564 100.00
567 100.00
570 100.00
573 100.00
576 100.00
579 100.00
582 100.00
585 100.00
588 100.00
591 100.00
594 100.00
597 100.00
600 100.00
603 100.00
606 100.00
609 100.00
612 100.00
615 100.00
618 100.00
621 100.00
624 100.00
627 100.00
630 100.00
633 100.00
636 100.00
639 100.00
642 100.00
645 100.00
648 100.00
651 100.00
654 100.00
657 100.00
660 100.00
663 100.00
666 100.00
669 100.00
672 100.00
675 100.00
678 100.00
681 100.00
684 100.00
687 100.00
690 100.00
693 100.00
696 100.00
699 100.00
702 100.00
705 100.00
708 100.00
711 100.00
714 100.00
717 100.00
720 100.00
723 100.00
726 100.00
729 100.00
732 100.00
735 100.00
738 100.00
741 100.00
744 100.00
747 100.00
750 100.00
753 100.00
756 100.00
759 100.00
762 100.00
765 100.00
768 100.00
771 100.00
