0 0.00
3 55.56
6 33.33
9 77.78
12 66.67
15 66.67
18 77.78
21 88.89
24 77.78
27 88.89
30 88.89
33 55.56
36 88.89
39 88.89
42 88.89
45 88.89
48 88.89
51 88.89
54 88.89
57 88.89
60 88.89
63 55.56
66 88.89
69 88.89
72 88.89
75 66.67
78 88.89
81 88.89
84 88.89
87 88.89
90 77.78
93 88.89
96 88.89
99 88.89
102 88.89
105 88.89
108 100.00
111 100.00
114 100.00
117 100.00
120 100.00
123 100.00
126 100.00
129 100.00
132 100.00
135 100.00
138 100.00
141 100.00
144 100.00
147 100.00
150 100.00
153 100.00
156 100.00
159 100.00
162 100.00
165 100.00
168 100.00
171 100.00
174 100.00
177 100.00
180 100.00
183 100.00
186 100.00
189 100.00
192 100.00
195 100.00
198 100.00
201 100.00
204 100.00
207 100.00
210 100.00
213 100.00
216 100.00
219 100.00
222 100.00
225 100.00
228 100.00
231 100.00
234 100.00
237 100.00
240 100.00
243 100.00
246 100.00
249 100.00
252 100.00
255 100.00
258 100.00
261 100.00
264 100.00
267 100.00
270 100.00
273 100.00
276 100.00
279 100.00
282 100.00
285 100.00
288 100.00
291 100.00
294 100.00
297 100.00
300 100.00
303 100.00
306 100.00
309 100.00
312 100.00
315 100.00
318 100.00
321 100.00
324 100.00
327 100.00
330 100.00
333 100.00
336 100.00
339 100.00
342 100.00
345 100.00
348 100.00
351 100.00
354 100.00
357 100.00
360 100.00
363 100.00
366 100.00
369 100.00
372 100.00
375 100.00
378 100.00
381 100.00
384 100.00
387 100.00
390 100.00
393 100.00
396 100.00
399 100.00
402 100.00
405 100.00
408 100.00
411 100.00
414 100.00
417 100.00
420 100.00
423 100.00
426 100.00
429 100.00
432 100.00
435 100.00
438 100.00
441 100.00
444 100.00
447 100.00
450 100.00
453 100.00
456 100.00
459 100.00
462 100.00
465 100.00
468 100.00
471 100.00
