0 0.00
3 88.89
6 66.67
9 66.67
12 88.89
15 88.89
18 77.78
21 88.89
24 88.89
27 55.56
30 33.33
33 77.78
36 55.56
39 55.56
42 22.22
45 22.22
48 22.22
51 0.00
54 0.00
57 0.00
60 0.00
63 0.00
66 0.00
69 0.00
72 0.00
75 0.00
78 0.00
81 0.00
84 0.00
87 0.00
90 0.00
93 0.00
96 0.00
99 0.00
102 0.00
105 0.00
108 0.00
111 0.00
114 0.00
117 0.00
120 0.00
123 0.00
126 0.00
129 55.56
132 55.56
135 55.56
138 22.22
141 55.56
144 33.33
147 55.56
150 55.56
153 44.44
156 44.44
159 55.56
162 55.56
165 55.56
168 55.56
171 55.56
174 55.56
177 55.56
180 55.56
183 55.56
186 55.56
189 66.67
192 66.67
195 77.78
198 77.78
201 77.78
204 77.78
207 77.78
210 77.78
213 77.78
216 77.78
219 77.78
222 77.78
225 88.89
228 88.89
231 88.89
234 88.89
237 88.89
240 88.89
243 88.89
246 88.89
249 88.89
252 88.89
255 88.89
258 88.89
261 88.89
264 88.89
267 88.89
270 88.89
273 88.89
276 88.89
279 88.89
282 88.89
285 88.89
288 88.89
291 88.89
294 88.89
297 88.89
300 88.89
303 88.89
306 88.89
309 88.89
312 88.89
315 88.89
318 100.00
321 100.00
324 100.00
327 100.00
330 100.00
333 100.00
336 100.00
339 100.00
342 100.00
345 100.00
348 100.00
351 100.00
354 100.00
357 100.00
360 100.00
363 100.00
366 100.00
369 100.00
372 100.00
375 100.00
378 100.00
381 100.00
384 100.00
387 100.00
390 100.00
393 100.00
396 100.00
399 100.00
402 100.00
405 100.00
408 100.00
411 100.00
414 100.00
417 100.00
420 100.00
423 100.00
426 100.00
429 100.00
432 100.00
435 100.00
438 100.00
441 100.00
444 100.00
447 100.00
450 100.00
453 100.00
456 100.00
459 100.00
462 100.00
465 100.00
468 100.00
471 100.00
