0 0.00
3 77.78
6 55.56
9 77.78
12 77.78
15 66.67
18 66.67
21 66.67
24 77.78
27 55.56
30 77.78
33 77.78
36 77.78
39 77.78
42 44.44
45 44.44
48 0.00
51 0.00
54 0.00
57 0.00
60 0.00
63 0.00
66 0.00
69 0.00
72 0.00
75 0.00
78 0.00
81 0.00
84 0.00
87 0.00
90 0.00
93 0.00
96 0.00
99 0.00
102 0.00
105 0.00
108 0.00
111 0.00
114 0.00
117 0.00
120 0.00
123 0.00
126 0.00
129 0.00
132 0.00
135 0.00
138 0.00
141 0.00
144 0.00
147 0.00
150 0.00
153 0.00
156 0.00
159 0.00
162 0.00
165 0.00
168 0.00
171 0.00
174 0.00
177 0.00
180 0.00
183 0.00
186 0.00
189 0.00
192 0.00
195 0.00
198 0.00
201 0.00
204 0.00
207 0.00
210 0.00
213 0.00
216 0.00
219 0.00
222 0.00
225 0.00
228 0.00
231 33.33
234 33.33
237 55.56
240 44.44
243 44.44
246 55.56
249 55.56
252 55.56
255 77.78
258 66.67
261 77.78
264 77.78
267 77.78
270 77.78
273 77.78
276 77.78
279 77.78
282 77.78
285 77.78
288 77.78
291 77.78
294 88.89
297 88.89
300 88.89
303 88.89
306 88.89
309 88.89
312 88.89
315 88.89
318 88.89
321 88.89
324 88.89
327 88.89
330 88.89
333 88.89
336 88.89
339 88.89
342 88.89
345 88.89
348 88.89
351 88.89
354 88.89
357 88.89
360 88.89
363 88.89
366 88.89
369 88.89
372 88.89
375 88.89
378 88.89
381 88.89
384 88.89
387 100.00
390 100.00
393 100.00
396 100.00
399 100.00
402 100.00
405 100.00
408 100.00
411 100.00
414 100.00
417 100.00
420 100.00
423 100.00
426 100.00
429 100.00
432 100.00
435 100.00
438 100.00
441 100.00
444 100.00
447 100.00
450 100.00
453 100.00
456 100.00
459 100.00
462 100.00
465 100.00
468 100.00
471 100.00
474 100.00
477 100.00
